WaveSpeed: 0.5
WaveLength: 0.75
WaveAmplitude: 0.04738326
SecondWaveLength: 0.1666667
SecondWaveAmplitude: 0
PlacedObjects: BetterDecal><502.0363><357.3724><-700.9844~-367.3104~-701.6958~394.3459~659.0084~394.3459~666.123~-363.0417~-687.2688~-293.1208~False~MUL~SCREEN~NORMAL~0.317063~1~0~True~True~True~True~True~True~greybones~0.2293369~0.07213559~1~1~1~1~0.2293369~0.07213559~1~1~1~1~0.2293369~0.07213559~1~1~1~1~0.2293369~0.07213559~1~1~1~1, LightSource><555.8867><339.2062><0.0642786~Environment~-755.5688~80.79065~50~86.60254~1~1~None~0~0, LightSource><188.7297><247.6017><0.497339~EffectColor1~0~100~50~86.60254~0~0~None~0~0, 
