WaveSpeed: 0.5
WaveLength: 0.75
WaveAmplitude: 0.04738326
SecondWaveLength: 0.1666667
SecondWaveAmplitude: 0
PlacedObjects: BetterDecal><502.0363><357.3724><-700.9844‾-367.3104‾-701.6958‾394.3459‾659.0084‾394.3459‾666.123‾-363.0417‾-687.2688‾-293.1208‾False‾MUL‾SCREEN‾NORMAL‾0.317063‾1‾0‾True‾True‾True‾True‾True‾True‾greybones‾0.2293369‾0.07213559‾1‾1‾1‾1‾0.2293369‾0.07213559‾1‾1‾1‾1‾0.2293369‾0.07213559‾1‾1‾1‾1‾0.2293369‾0.07213559‾1‾1‾1‾1, LightSource><555.8867><339.2062><0.0642786‾Environment‾-755.5688‾80.79065‾50‾86.60254‾1‾1‾None‾0‾0, LightSource><188.7297><247.6017><0.497339‾EffectColor1‾0‾100‾50‾86.60254‾0‾0‾None‾0‾0, LightSource><112.3052><368.2109><1‾EffectColor1‾0.7114258‾60.86981‾50‾86.60254‾0‾0‾None‾0‾0, LightSource><874.9397><347.999><1‾EffectColor1‾0.7114258‾60.86981‾50‾86.60254‾0‾0‾None‾0‾0, AdvancedShader><64.71289><215.4469><0‾150‾ARZapperOmni‾Futile_White‾Foreground‾False‾illustrations/icon0.png‾True‾True‾True‾True‾4‾100‾0‾0‾0‾0.4901215‾1‾1‾1‾100‾55.17813‾0‾1‾0.4901215‾1‾1‾1‾154.4667‾0‾1‾0‾0.4901215‾1‾1‾1‾154.4667‾55.17813‾1‾1‾0.4901215‾1‾1‾1, AdvancedShader><327.1167><579.9343><14.22919‾-182.2511‾ARZapperOmni‾Futile_White‾Foreground‾False‾illustrations/icon0.png‾True‾True‾True‾True‾4‾100‾0‾0‾0‾0.52273‾1‾1‾1‾100‾55.17813‾0‾1‾0.52273‾1‾1‾1‾154.4667‾0‾1‾0‾0.52273‾1‾1‾1‾154.4667‾55.17813‾1‾1‾0.52273‾1‾1‾1, AdvancedShader><448.776><584.2031><14.22919‾-182.2511‾ARZapperOmni‾Futile_White‾Foreground‾False‾illustrations/icon0.png‾True‾True‾True‾True‾4‾100‾0‾0‾0‾0.5108722‾1‾1‾1‾100‾55.17813‾0‾1‾0.5108722‾1‾1‾1‾154.4667‾0‾1‾0‾0.5108722‾1‾1‾1‾154.4667‾55.17813‾1‾1‾0.5108722‾1‾1‾1, AdvancedShader><575.4156><583.4917><14.22919‾-182.2511‾ARZapperOmni‾Futile_White‾Foreground‾False‾illustrations/icon0.png‾True‾True‾True‾True‾4‾100‾0‾0‾0‾0.5434809‾1‾1‾1‾100‾55.17813‾0‾1‾0.5434809‾1‾1‾1‾154.4667‾0‾1‾0‾0.5434809‾1‾1‾1‾154.4667‾55.17813‾1‾1‾0.5434809‾1‾1‾1, DangleFruit><443.3206><400.8791><0‾0‾2‾3, DangleFruit><569.0125><427.6823><0‾0‾2‾3, DangleFruit><769.6437><362.2281><0‾0‾2‾3, 
